413
411
414
415
413
415
417
419
418
418
422
422
422
424
423
426
427
367
366
432
432
434
437
439
440
441
442
444
444
441
438
436
433
432
430
424
423
426
429
435
442
451
463
464
466
482
504
519
525
539
548
557
564
574
586
593
598
609
614
621
630
637
642
650
660
670
681
691
706
717
728
744
762
776
801
825
849
872
891
916
952
996
1049
1112
1204
1331
1684
1843
1873
1899
1924
1937
1948
1960
1959
1968
1969
1968
1965
1965
1966
1964
1961
1962
1960
1956
1952
1952
1949
1945
1941
1939
1378
1930
1939
1938
1934
1936
1933
1931
1930
1930
1931
1930
1931
1929
1932
1933
1931
1935
1933
1940
1942
1942
1939
1938
1938
1939
1936
1934
1928
1925
1921
1919
1910
1904
1892
1872
1857
1828
1790
1709
1544
1432
1320
1256
1189
1140
1105
1076
1051
1030
1010
987
968
942
928
908
895
882
870
858
842
829
817
809
795
784
774
761
753
741
731
722
710
702
694
685
677
672
663
655
650
642
633
629
624
617
611
608
601
598
592
588
585
578
573
568
565
563
557
555
551
549
546
543
540
537
534
531
529
526
524
521
521
516
514
513
510
507
506
504
502
502
500
499
497
498
496
494
492
491
491
491
487
486
487
487
486
485
486
486
485
483
484
485
484
486
486
486
486
488
487
491
494
492
494
496
495
498
500
501
504
507
509
509
512
512
515
514
516
518
518
515
513
512
504
501
494
486
479
471
457
445
424
403
386
368
350
339
327
314
300
292
286
281
274
268
262
259
256
255
263
258
264
274
269
273
274
283
287
282
284
304
314
307
307
320
328
343
373
408
426
443
459
465
482
493
498
518
523
530
536
535
537
543
544
546
549
551
553
559
558
558
561
559
563
563
565
565
568
569
566
568
564
563
564
561
561
562
561
562
560
565
564
562
560
562
564
560
556
554
558
556
560
567
569
571
570
573
574
572
575
575
576
580
578
580
579
579
577
576
576
574
572
573
573
570
566
562
561
557
555
551
548
551
550
550
555
556
557
553
552
553
549
550
542
543
539
533
535
531
526
520
517
514
511
506
506
503
501
498
498
493
493
492
491
485
480
482
481
478
475
471
471
466
465
462
463
459
458
459
457
453
452
451
450
429
447
446
446
443
441
441
438
437
434
435
432
432
430
428
426
426
424
424
423
421
420
419
419
417
416
415
416
414
416
413
414
416
415
413
414
414
411
413
410
413
411
412
413
413
393
394
396
394
394
392
397
395
400
395
399
402
401
402
407
408
407
408
410
414
414
415
419
419
421
421
425
424
423
421
424
418
420
419
417
412
415
427
429
430
439
446
449
464
475
484
492
500
504
513
519
528
530
539
542
552
558
563
572
577
584
590
597
605
612
620
627
638
645
658
664
676
686
698
711
721
734
753
763
779
794
810
824
839
855
872
889
910
930
956
988
1035
1071
1136
1220
1351
1628
2045
1840
1867
1888
1906
1911
1916
1925
1930
1932
1932
1933
1939
1936
1937
1936
1934
1935
1936
1936
1936
1930
1934
1932
1932
1930
1931
1929
1931
1930
1934
1936
1938
1939
1940
1939
1945
1943
1946
1947
1939
1937
1933
1931
1931
1926
1917
1912
1908
1900
1881
1872
1848
1812
1747
1630
1505
1399
1323
1267
1216
1170
1135
1103
1075
1054
1031
1013
989
967
950
932
916
901
890
879
864
850
837
826
815
804
793
783
772
765
753
740
732
723
712
706
699
691
685
678
673
664
661
652
650
642
636
632
625
621
617
609
607
601
596
592
587
586
581
578
573
570
568
565
563
561
556
552
550
549
546
544
542
541
536
537
534
531
530
520
526
526
521
521
521
520
520
518
518
516
513
258
507
508
507
507
502
505
504
505
507
504
505
505
507
509
511
511
510
518
515
517
519
521
521
523
522
526
527
527
533
533
533
538
539
540
540
541
543
542
542
543
541
539
532
528
523
516
507
498
486
473
460
442
421
402
388
384
368
349
344
327
320
302
293
286
275
297
299
302
301
306
333
327
316
320
323
327
335
370
365
340
361
387
386
397
427
447
455
472
491
500
505
515
530
538
539
547
557
555
558
561
561
564
565
567
569
569
569
574
575
574
574
578
575
576
579
579
574
576
577
574
577
574
571
574
572
573
571
572
570
567
567
564
564
564
562
562
562
561
557
560
571
568
569
570
575
575
575
575
577
577
578
580
580
581
581
580
582
579
578
577
578
575
574
571
569
562
564
564
559
560
561
561
560
558
560
562
562
562
560
556
548
546
541
538
532
528
525
520
512
507
504
500
497
492
486
483
479
474
474
471
468
468
464
462
463
456
456
458
452
451
450
447
447
444
444
442
439
438
436
434
433
431
430
427
426
425
423
423
418
417
415
416
412
412
407
409
405
408
404
404
404
402
399
400
399
398
399
398
395
397
394
396
391
393
392
389
393
392
391
392
391
388
390
392
391
393
391
395
396
399
395
396
398
401
401
399
403
403
405
405
406
411
409
411
412
416
417
418
417
422
421
423
426
427
429
428
427
427
426
422
423
421
415
418
425
424
428
437
442
451
461
473
484
491
497
504
513
519
528
532
539
549
554
562
568
575
583
588
594
602
608
616
624
632
639
649
658
667
680
689
699
713
722
736
752
764
782
795
810
824
842
854
871
886
903
927
944
977
1003
1054
1098
1157
1256
1391
1653
1790
1832
1855
1878
1891
1904
1914
1919
1926
1929
1930
1931
1935
1934
1938
1939
1938
1938
1939
1935
1938
1937
1935
1934
1935
1933
1935
1934
1937
1937
1936
1940
1941
1943
1943
1944
1943
1946
1946
1941
1937
1933
1936
1930
1922
1918
1914
1897
1884
1870
1851
1827
1785
1704
1588
1452
1368
1310
1256
1195
1161
1124
1090
1067
1043
1027
1005
983
961
946
925
912
899
885
873
860
845
831
818
810
801
792
781
770
761
749
741
734
723
712
706
697
692
682
679
669
664
659
656
647
642
636
630
627
621
617
611
605
600
599
590
589
582
577
576
572
570
566
565
560
556
553
551
548
546
543
542
539
537
534
533
531
529
526
526
526
523
522
521
520
519
520
518
518
516
512
509
507
505
507
506
503
504
503
504
505
503
508
507
506
504
507
510
509
512
516
516
519
519
521
522
523
524
527
528
529
532
533
536
538
537
540
539
540
539
536
536
534
528
527
519
511
503
499
481
464
444
428
408
394
373
360
341
320
304
295
281
276
272
263
265
262
259
266
268
267
274
271
280
272
280
281
283
288
288
293
296
294
299
323
316
325
354
374
399
420
439
453
471
485
495
512
521
524
531
536
538
540
543
544
548
549
552
555
556
559
563
560
563
566
566
566
568
567
568
569
564
566
563
562
566
568
567
566
564
561
561
559
559
559
559
559
556
558
557
557
553
570
572
573
576
577
581
580
580
581
582
583
586
587
586
588
587
588
589
590
588
587
586
588
585
582
580
580
577
578
577
580
576
579
578
579
580
577
574
573
572
567
565
561
557
551
550
545
541
537
532
528
523
518
511
509
505
503
498
497
492
491
489
484
482
477
474
469
467
465
460
458
458
455
453
451
447
446
447
444
440
436
435
435
431
432
431
427
427
427
422
422
420
419
415
415
413
410
412
408
407
405
405
404
404
404
403
404
402
401
402
400
400
398
397
395
397
396
397
394
395
393
393
394
393
394
396
396
402
402
401
403
400
407
405
408
405
407
408
409
410
413
413
416
415
415
419
421
422
424
424
427
429
433
431
432
430
431
429
429
425
428
425
425
425
430
431
435
442
449
460
468
479
488
496
503
513
522
529
535
543
551
558
564
570
577
583
591
600
605
610
619
629
636
643
652
662
670
682
690
702
714
725
738
752
767
781
793
807
823
838
847
866
882
899
918
937
957
996
1029
1073
1114
1183
1298
1453
1701
1805
1839
1861
1885
1897
1907
1916
1922
1926
1929
1931
1934
1935
1937
1938
1939
1937
1937
1938
1936
1935
1936
1936
1934
1930
1929
1932
1933
1931
1934
1935
1939
1937
1940
1942
1944
1945
1945
1940
1941
1937
1932
1930
1929
1922
1915
1907
1903
1890
1877
1860
1840
1795
1734
1591
1470
1370
1308
1253
1197
1151
1119
1086
1064
1039
1021
1001
980
957
939
918
902
892
878
867
849
839
827
816
803
792
785
775
762
753
741
733
722
718
706
695
691
684
676
670
664
659
653
646
640
634
629
623
620
613
609
605
601
595
589
586
582
578
573
571
564
564
560
556
556
551
549
546
543
543
540
537
536
533
530
527
523
523
522
522
520
519
517
516
514
513
514
512
515
512
509
505
505
504
505
504
501
501
495
499
498
503
502
502
503
504
507
510
507
507
511
512
510
513
514
517
518
518
522
523
524
528
529
530
530
533
534
533
537
534
535
531
531
529
522
517
510
502
494
482
470
450
431
418
399
384
370
357
337
320
310
299
299
284
275
273
267
272
273
275
273
273
280
289
278
292
283
297
306
306
292
297
298
305
318
325
350
367
380
404
441
460
480
488
496
506
516
531
536
542
542
549
545
550
553
556
557
558
559
564
564
564
567
568
569
571
568
571
568
567
570
568
567
565
565
566
568
569
567
567
567
566
564
563
562
560
561
561
560
560
556
557
566
567
568
570
568
568
568
569
569
570
569
570
571
573
571
573
572
571
570
569
566
565
562
559
559
555
555
548
546
548
544
543
546
548
551
554
556
554
549
546
546
543
538
535
529
527
524
519
513
511
505
501
493
490
487
484
478
479
476
473
472
469
467
463
460
461
460
460
460
454
454
452
449
450
448
444
442
441
440
441
437
437
436
435
432
432
430
430
427
426
425
424
420
421
417
417
413
414
412
410
412
408
407
409
405
405
406
405
405
405
406
405
406
404
403
402
403
403
402
401
402
400
400
400
403
402
403
404
401
405
405
404
405
408
408
410
408
410
411
414
414
417
417
417
421
418
425
423
427
428
429
432
432
432
430
429
429
424
427
424
424
425
420
422
427
428
435
443
449
459
471
479
492
501
508
515
525
534
541
549
557
562
329
578
584
590
596
601
612
618
627
633
642
650
659
668
677
689
699
712
721
733
746
759
774
784
801
818
834
844
860
876
889
907
926
945
971
998
1037
1080
1129
1207
1296
1495
1732
1806
1843
1864
1882
1896
1904
1916
1920
1926
1925
1935
1930
1933
1937
1936
1937
1938
1934
1937
1936
1936
1934
1933
1933
1934
1934
1934
1934
1933
1932
1930
1935
1935
1938
1940
1944
1946
1943
1942
1939
1941
1936
1937
1933
1926
1922
1920
1915
1904
1892
1874
1854
1821
1766
1600
1437
1342
1283
1216
1164
1129
1099
1076
1049
1026
1017
987
960
944
927
914
900
885
874
861
847
836
821
809
800
789
774
764
750
739
731
720
708
701
693
684
677
669
664
658
651
643
638
632
626
622
615
612
607
598
595
590
587
580
576
569
569
564
559
557
555
549
544
544
543
539
535
532
529
528
526
522
521
519
517
513
510
509
507
507
503
503
503
502
500
500
496
496
495
494
496
492
493
493
492
489
492
490
489
491
492
492
493
492
492
492
492
494
493
496
497
497
499
501
502
500
504
504
508
511
510
513
516
517
517
521
520
523
524
523
523
521
515
514
509
503
496
487
480
468
452
440
415
402
382
368
352
344
328
314
305
298
292
287
282
279
274
271
270
274
277
281
284
290
288
288
293
307
294
299
321
313
315
318
331
350
355
395
419
445
463
482
487
503
512
517
525
531
536
536
542
547
548
551
555
556
557
559
564
566
566
567
571
570
571
572
571
572
572
573
572
571
568
567
564
566
567
568
569
563
569
565
566
564
560
562
564
559
561
560
559
559
567
567
567
568
568
567
568
566
567
569
568
570
571
572
570
571
571
570
570
569
566
565
562
559
557
552
549
546
543
542
540
546
544
546
548
551
554
551
551
545
540
540
538
534
533
523
520
520
511
508
507
500
496
492
486
484
480
475
474
471
471
469
464
466
466
464
463
461
458
460
455
454
452
450
451
450
448
445
447
444
440
440
438
436
437
436
433
430
432
430
425
427
422
422
421
418
420
416
417
415
414
411
411
411
410
406
408
407
408
406
407
405
402
404
404
403
403
402
403
402
403
404
405
403
405
403
405
404
406
406
405
405
406
405
408
408
410
411
412
415
416
415
418
421
421
422
424
426
426
428
429
432
429
434
431
430
429
426
425
422
423
418
418
420
420
427
432
439
448
458
468
480
492
501
506
517
525
532
540
547
557
563
567
578
581
590
596
604
611
619
624
633
642
650
662
670
677
689
700
711
725
734
747
762
774
306
806
819
832
850
861
875
894
909
934
952
977
1002
1044
1086
1135
1219
1314
1496
1730
1816
1840
1866
1885
1896
1908
1920
1919
1927
1929
1933
1935
1932
1935
1937
1940
1939
1935
1937
1936
1938
1936
1932
1933
1933
1934
1933
1936
1936
1936
1937
1937
1941
1940
1941
1943
1944
1947
1944
1943
1940
1937
1936
1932
1930
1922
1916
1908
1899
1881
1861
1834
1798
1703
1527
1396
1301
1241
1180
1138
1108
1079
1056
1037
1018
997
979
960
939
923
908
894
879
865
853
841
830
816
802
791
781
770
754
745
734
726
716
707
697
689
683
675
668
662
655
651
645
638
631
626
619
614
610
602
600
597
590
588
581
575
570
567
564
561
556
554
550
548
544
541
538
534
532
531
529
527
521
523
517
516
511
510
507
508
505
506
503
503
500
501
499
499
497
495
495
496
493
492
494
492
491
491
491
490
491
492
492
492
490
492
492
494
494
498
495
497
496
499
502
501
502
505
505
507
508
514
512
517
517
520
519
522
525
523
523
521
516
516
512
507
500
492
481
476
457
441
421
399
381
360
350
338
321
310
298
289
287
279
271
266
263
257
259
257
258
262
270
271
279
274
275
277
280
292
287
280
288
305
297
309
318
325
341
375
406
431
455
468
485
492
504
512
526
532
529
534
538
540
543
547
550
551
551
555
557
562
562
563
564
566
566
567
566
566
565
565
565
563
563
563
562
566
566
568
566
563
563
564
562
559
559
558
559
560
556
556
557
564
567
567
570
569
567
568
568
571
571
572
570
573
572
570
571
571
570
569
568
567
563
560
558
552
551
547
545
543
536
539
535
543
543
548
548
551
544
545
542
542
535
530
527
525
521
518
767
510
508
503
496
495
489
483
482
475
473
470
467
466
466
463
464
463
463
461
457
457
454
453
452
454
453
450
449
444
444
443
443
441
443
440
437
436
436
435
432
432
426
426
426
425
422
421
420
420
416
418
417
413
413
411
409
411
408
407
409
404
406
408
404
405
402
407
404
402
404
401
403
404
404
405
405
404
403
404
400
395
396
402
400
402
404
401
403
406
405
408
409
409
410
413
412
416
415
419
422
420
424
426
427
426
428
429
428
427
425
425
423
421
416
413
416
428
426
437
445
453
463
470
482
490
500
508
516
523
533
535
546
552
559
567
573
578
585
596
603
609
615
619
629
636
645
656
666
676
683
694
706
718
729
741
756
772
784
798
813
828
842
858
871
887
905
926
943
970
995
1038
1091
1141
1223
1339
1557
1756
1815
1844
1869
1886
1900
1905
1914
1919
1924
1925
1930
1930
1935
1932
1936
1934
1934
1936
1932
1935
1935
1934
1933
1932
1932
1930
1934
1932
1934
1931
1933
1938
1939
1940
1945
1941
1945
1944
1943
1945
1943
1940
1939
1931
1930
1928
1921
1906
1895
1882
1866
1831
1539
1689
1515
1413
1305
1237
1177
1134
1103
1079
1056
1038
1016
998
980
963
946
929
915
899
884
872
861
847
834
822
810
808
797
788
776
761
749
741
722
713
704
693
687
683
675
666
659
652
647
640
636
630
627
619
613
610
605
599
593
587
584
581
576
574
569
565
564
560
555
550
549
546
542
540
541
536
530
532
527
527
524
522
518
516
513
514
512
509
510
506
508
508
504
502
503
502
500
501
499
498
498
498
497
497
497
497
496
497
496
497
498
500
498
500
502
503
502
506
505
506
509
509
509
511
511
515
515
519
521
520
523
523
527
526
527
531
529
525
525
521
519
513
507
498
489
481
468
451
434
407
393
370
362
346
331
317
308
299
294
290
284
278
282
280
284
283
279
287
292
288
289
300
301
291
308
306
310
317
316
317
323
334
337
343
360
403
430
440
460
479
490
498
507
517
528
531
532
533
542
540
545
546
550
550
552
556
558
560
562
564
566
567
566
569
566
566
568
565
567
565
562
566
564
563
566
568
561
565
565
563
562
562
560
556
560
557
557
561
561
566
567
567
568
568
569
567
568
569
568
572
571
572
572
571
573
573
571
570
569
565
563
563
561
556
552
552
548
549
545
545
547
545
546
549
553
552
553
553
546
545
539
534
538
530
526
520
516
514
508
502
498
495
489
487
484
479
473
472
471
467
468
464
464
464
461
460
459
456
452
455
454
454
450
447
446
444
442
438
439
436
440
436
435
431
430
432
430
427
425
422
422
421
418
420
415
416
414
411
411
408
409
406
405
407
404
402
404
402
401
401
401
402
400
401
399
401
399
400
399
399
398
399
399
400
398
400
401
401
400
399
399
401
399
402
402
405
403
407
408
408
414
411
412
417
417
418
423
422
423
424
424
429
432
431
429
430
427
428
422
429
428
424
422
431
430
434
441
449
461
471
482
491
498
506
512
523
531
536
542
553
557
566
575
577
584
593
597
607
614
620
628
637
644
654
661
673
681
693
702
716
728
739
754
768
781
798
809
826
841
854
865
888
904
927
948
969
1004
1039
1081
1137
1223
1344
1296
1754
1812
1843
1863
1882
1895
1906
1914
1914
1920
1925
1926
1931
1929
1932
1933
1937
1933
1935
1933
1930
1929
1929
1927
1925
1928
1929
1930
1928
1928
1929
1932
1935
1938
1939
1937
1943
1940
1944
1943
1941
1939
1938
1940
1935
1930
1926
1919
1907
1904
1885
1863
1836
1790
1736
1607
1443
1327
1262
1206
1165
1126
1095
1072
1045
1028
1006
992
971
948
930
912
896
883
870
853
843
827
818
807
797
785
776
763
750
743
734
724
715
704
695
686
680
673
668
660
655
646
643
638
633
626
620
615
611
606
602
595
592
587
580
579
572
570
566
563
558
555
552
553
549
543
542
538
536
532
531
530
528
527
521
517
518
515
515
516
509
510
763
509
508
506
505
505
502
503
500
500
501
500
498
500
499
499
500
498
499
498
500
499
496
501
501
500
504
504
505
507
506
508
509
764
512
512
515
517
518
520
523
525
525
528
527
531
531
531
527
523
526
521
515
510
496
489
482
469
452
435
407
395
375
358
346
327
314
308
297
294
291
286
278
278
278
281
279
281
286
292
293
294
304
304
300
310
304
309
314
309
322
317
351
340
354
369
396
425
457
466
472
487
498
510
515
525
529
532
535
539
541
546
550
551
554
556
554
558
558
564
566
568
568
568
566
566
567
565
557
550
558
562
563
564
567
566
568
567
564
564
563
562
562
559
560
559
558
559
557
556
568
566
570
569
571
571
571
570
571
574
575
575
576
576
578
576
577
573
574
570
572
571
566
563
560
556
549
552
550
546
547
543
545
545
546
549
551
548
544
540
536
533
532
524
521
515
511
503
502
498
492
492
486
480
477
476
478
472
472
468
466
464
460
463
461
460
460
458
455
450
457
453
450
450
448
447
442
441
438
440
438
438
435
433
434
432
430
429
428
426
424
423
420
419
419
417
414
414
413
410
408
408
406
406
404
405
406
404
402
402
401
402
400
403
401
400
398
399
399
398
398
399
395
396
399
398
399
396
395
397
397
398
399
398
400
399
401
403
404
406
404
408
409
412
412
414
417
418
418
422
420
424
426
427
430
430
428
429
428
429
423
427
427
431
438
443
447
454
462
466
477
486
493
501
507
512
521
527
532
539
545
552
557
563
572
578
585
590
599
604
610
618
626
638
645
653
661
672
681
692
702
714
725
739
753
768
780
797
811
827
841
855
870
886
907
924
950
979
1012
1058
1113
1188
1282
1427
1716
1800
1838
1859
1877
1895
1907
1908
1914
1920
1925
1927
1929
1933
1934
1932
1936
1933
1936
1930
1929
1930
1930
1928
1925
1927
1928
1929
1928
1928
1929
1932
1935
1936
1937
1940
1940
1941
1943
1943
1939
1940
1932
1929
1926
1918
1917
1903
1895
1878
1864
1844
1828
1802
1755
1708
1661
1552
1489
1449
1393
1350
1284
1239
1185
1156
1119
1087
1061
1036
1004
984
967
941
925
911
891
877
867
854
844
832
817
811
798
786
775
762
755
746
735
723
718
709
703
694
686
681
675
666
660
651
646
642
637
632
625
623
617
614
607
601
598
597
591
586
583
579
575
576
574
566
565
563
560
556
554
552
550
547
546
539
538
537
533
534
529
529
526
525
522
519
518
515
517
515
512
507
509
508
513
503
507
507
515
507
506
760
505
509
513
510
510
514
515
517
521
524
527
529
532
532
531
535
538
542
541
542
548
550
551
552
556
556
556
552
549
548
541
537
531
515
503
493
477
455
435
411
368
350
329
316
305
290
278
269
260
256
250
247
242
239
238
236
242
239
238
241
252
249
251
510
509
256
266
268
271
266
273
283
289
298
307
324
352
375
399
421
435
456
479
487
499
514
519
523
526
531
534
537
541
546
547
548
553
557
559
559
562
562
565
566
565
564
566
565
566
562
562
562
563
562
563
564
567
564
564
558
559
556
559
558
558
558
556
552
553
556
569
570
569
570
571
575
573
573
575
575
578
579
579
578
579
578
578
576
580
578
574
573
571
568
566
562
558
555
552
550
548
549
552
553
556
550
553
552
546
542
540
532
535
531
520
518
518
507
503
497
489
489
487
485
484
478
476
473
472
467
466
465
465
463
463
462
458
455
455
453
454
453
449
446
445
442
445
441
437
435
433
434
432
430
431
428
426
423
423
419
419
418
415
414
413
413
411
410
409
407
405
404
404
405
400
401
401
400
398
399
400
398
396
398
397
395
395
394
394
393
393
392
394
392
393
394
394
394
394
393
396
395
397
398
398
398
399
399
400
404
403
403
405
409
410
412
413
417
416
419
421
424
425
425
427
425
427
423
420
419
423
421
413
417
420
427
429
435
445
455
463
473
483
491
499
508
516
524
530
537
544
551
556
562
568
577
582
588
595
603
609
617
624
632
641
650
660
669
681
692
701
714
724
738
755
767
780
799
810
824
838
856
869
883
905
926
943
973
1005
1047
1096
1162
1250
1395
1671
1783
1829
1846
1872
1885
1902
1904
1912
1916
1918
1921
1924
1928
1927
1930
1930
1930
1929
1930
1930
1930
1928
1929
1927
1929
1930
1930
1929
1931
1927
1929
1933
1930
1935
1936
1940
1940
1940
1935
1932
1923
1910
1905
1893
1876
1862
1849
1836
1830
1822
1810
1776
1756
1732
1701
1674
1636
1603
1581
1558
1543
1524
1513
1500
1490
1476
1462
1443
1420
1389
1350
1322
1293
1259
1232
1210
1185
1166
1150
1133
1117
1108
1090
1078
1069
1056
1047
1037
1022
1014
999
989
983
970
961
953
945
937
925
918
910
903
895
886
878
874
864
861
850
845
836
832
827
821
818
810
807
801
800
794
791
785
781
780
776
770
768
766
764
761
756
755
752
751
748
749
745
742
742
739
740
737
735
735
732
731
731
732
730
729
731
729
728
726
728
727
724
726
727
726
730
728
730
730
731
733
734
736
735
739
740
741
744
748
750
752
756
755
760
762
763
764
763
760
760
757
747
746
737
723
703
686
671
650
620
573
440
340
316
303
290
282
271
261
254
248
245
244
244
238
240
239
242
238
240
245
247
246
252
253
252
255
259
255
266
266
276
283
289
303
314
323
343
365
388
417
439
457
476
492
503
766
524
533
536
535
542
547
546
551
554
558
558
560
563
566
566
569
570
569
568
571
570
570
572
571
569
570
568
570
567
566
571
567
564
570
567
566
564
564
565
564
563
561
564
562
561
570
572
571
571
570
574
572
571
575
576
577
576
576
576
577
576
578
577
574
575
573
569
569
565
562
560
555
550
552
548
547
546
550
551
548
549
548
544
542
542
533
530
526
522
519
513
509
504
501
494
489
482
481
478
476
473
472
467
469
463
460
460
460
456
457
455
454
455
449
450
447
448
445
444
443
439
440
437
435
433
429
429
430
427
428
427
426
422
421
417
416
416
412
413
410
409
409
407
408
404
402
405
400
402
397
400
399
397
396
396
397
394
397
394
393
390
395
392
391
390
393
393
392
393
393
393
394
390
390
390
387
392
391
391
393
390
392
395
395
397
398
398
401
404
404
408
407
410
412
413
416
417
418
420
423
426
425
422
419
419
418
418
416
416
424
428
431
436
446
455
462
472
481
488
496
504
509
518
522
531
537
543
548
554
562
568
575
583
589
596
601
610
615
626
634
645
652
660
671
681
695
706
716
728
744
758
774
789
803
821
832
847
864
877
894
919
936
958
985
1025
1068
1123
1196
1307
1482
1729
1802
1838
1859
1877
1887
1898
1908
1911
1914
1916
1919
1921
1920
1920
1921
1921
1920
1919
1923
1923
1922
1922
1919
1918
1918
1919
1920
1919
1920
1924
1925
1927
1928
1933
1934
1936
1938
1935
1931
1924
1906
1899
1887
1868
1848
1833
1819
1801
1782
1758
1736
1708
1692
1669
1647
1621
1602
1579
1563
1549
1538
1525
1511
1501
1488
1476
1450
1424
1392
1356
1319
1280
1248
1213
1182
1155
1136
1116
1100
1085
1070
1058
1046
1036
1020
1008
995
984
969
958
947
937
925
918
907
899
889
883
873
866
857
850
843
839
830
822
817
810
805
799
796
786
780
776
772
769
765
761
754
752
749
746
743
738
735
732
728
728
722
719
718
714
712
712
708
707
705
705
702
701
701
697
698
695
696
694
692
693
695
692
691
690
690
690
691
690
692
693
692
691
692
692
693
695
695
698
701
700
700
702
701
705
708
711
714
717
715
721
721
723
724
724
723
720
715
709
701
694
679
665
647
641
624
596
543
401
352
321
305
297
284
276
268
258
251
250
248
246
242
238
239
239
240
239
243
247
241
242
246
247
244
245
249
254
256
268
281
285
297
304
313
339
360
385
408
439
458
476
492
503
518
525
530
536
542
538
543
546
553
551
556
558
557
562
563
565
565
568
571
570
572
571
571
571
571
570
569
567
568
567
571
572
570
569
567
564
564
563
563
562
561
559
559
558
558
557
569
570
571
573
572
574
576
574
575
576
575
578
579
580
578
579
579
581
577
580
577
577
575
571
568
486
559
558
556
555
555
556
552
550
552
551
552
551
546
543
537
534
533
524
521
517
509
504
502
498
494
483
484
480
476
473
473
471
465
465
459
458
459
457
457
451
453
449
450
449
448
447
445
440
440
438
437
433
433
431
430
424
428
424
424
419
421
418
416
422
414
411
410
408
407
404
402
403
401
399
397
396
397
394
395
395
392
394
393
391
393
392
391
391
390
392
389
387
388
387
389
390
387
388
391
388
390
393
394
397
393
397
395
396
397
398
401
400
402
403
402
405
405
409
409
412
413
415
415
420
419
423
423
425
426
427
426
429
427
427
427
424
423
425
431
435
438
441
448
457
464
471
484
491
499
506
513
520
525
531
539
546
553
559
565
573
581
588
597
603
610
617
628
634
644
653
663
671
682
694
707
724
743
758
771
787
803
816
826
838
848
862
877
887
907
923
939
959
988
1017
1051
1091
1127
1188
1317
1560
1754
1804
1837
1863
1886
1899
1912
1919
1922
1921
1922
1926
1929
1931
1927
1929
1931
1928
1929
1927
1930
1932
1927
1928
1930
1929
1931
1931
1932
1931
1934
1935
1934
1937
1940
1940
1944
1936
1930
1923
1905
1895
1880
1863
1846
1824
1809
1782
1761
1737
1710
1687
1666
1636
1604
1578
1559
1538
1519
1507
1494
1471
1460
1440
1422
1396
1364
1325
1288
1247
1214
1183
1145
1119
1096
1079
1062
1049
1038
1021
1011
995
983
971
956
944
930
916
907
896
888
878
868
858
851
841
834
827
820
812
803
799
792
786
778
774
765
758
753
747
741
736
734
728
725
719
718
715
712
708
703
699
696
694
690
688
685
683
681
675
675
672
669
667
665
665
662
660
659
657
657
656
653
653
652
651
650
651
648
647
648
650
647
649
647
648
646
649
649
651
650
651
653
654
653
656
656
657
657
660
661
664
666
668
668
672
675
675
677
680
679
680
678
675
674
670
664
660
645
634
617
614
601
577
548
467
391
356
331
313
302
292
283
276
267
262
259
258
255
252
249
253
254
254
254
257
510
263
260
262
261
265
265
265
268
273
280
284
304
319
331
348
374
396
421
443
462
478
492
501
513
520
531
534
539
543
545
547
552
556
552
534
560
563
564
566
568
571
569
569
574
569
571
570
569
568
569
566
567
570
569
571
568
567
565
564
563
560
563
560
561
559
560
560
558
558
569
568
570
573
575
572
505
575
503
577
576
578
575
577
577
579
578
576
578
575
574
572
569
567
563
560
554
555
555
551
550
548
552
554
551
552
553
549
546
542
538
538
533
531
522
519
515
511
509
501
500
495
491
486
482
478
476
475
475
470
467
463
468
465
462
460
461
458
457
455
457
455
452
449
448
445
440
440
441
437
437
435
434
432
430
429
427
426
425
423
421
417
417
413
414
413
410
409
408
408
405
405
403
402
402
399
400
401
398
400
397
396
393
397
396
395
397
394
394
395
392
392
394
393
393
392
393
391
394
394
398
396
396
397
399
398
399
398
400
403
404
404
406
409
410
413
414
416
415
420
420
419
423
424
427
429
426
427
426
423
427
424
426
425
430
434
433
441
450
458
464
472
484
493
498
508
516
525
530
537
542
549
556
563
567
575
584
588
598
606
613
620
626
635
641
651
662
673
682
693
705
716
727
739
755
766
784
800
814
828
838
852
866
884
907
922
946
973
1002
1041
1092
1145
1241
1350
1594
1778
1817
1855
1874
1885
1900
1906
1912
1918
1921
1926
1927
1926
1929
1931
1929
1931
1931
1930
1928
1930
1927
1929
1928
1928
1925
1925
1925
1923
1926
1928
1928
1930
1933
1934
1938
1942
1940
1939
1933
1929
1924
1920
1913
1899
1890
1879
1867
1851
1835
1812
1791
1751
1700
1650
1599
1539
1502
1466
1428
1395
1355
1297
1263
1218
1172
1141
1109
1076
1048
1027
1000
975
954
928
913
901
888
870
861
850
839
829
816
806
797
785
774
761
751
741
731
724
715
706
700
691
685
678
673
667
659
655
651
645
642
636
630
623
622
619
613
607
604
602
598
595
591
585
580
577
578
572
569
566
563
557
557
554
548
546
542
537
537
536
532
535
531
530
526
524
523
520
521
520
513
513
516
516
514
514
516
517
767
514
519
513
515
518
522
521
525
523
527
527
529
533
532
531
535
537
538
538
545
547
549
548
553
555
557
559
561
561
560
558
557
553
544
537
529
513
503
498
487
466
446
412
387
365
350
333
322
307
291
284
279
270
263
259
252
252
256
254
254
255
257
259
268
268
270
272
279
286
287
288
292
303
294
300
307
316
336
345
375
397
424
445
461
478
484
497
512
522
528
531
535
535
540
545
544
547
551
553
555
556
558
562
563
563
566
568
567
568
564
566
566
567
565
565
564
566
565
569
569
566
562
561
563
559
561
560
557
557
557
558
555
555
569
569
569
571
572
575
574
574
574
574
577
580
579
579
579
576
578
578
577
575
573
575
572
565
567
560
560
555
557
555
550
549
549
552
550
551
549
548
546
540
538
537
531
527
525
519
515
508
502
503
497
486
488
483
483
477
475
469
471
468
467
467
467
465
461
459
460
459
454
453
454
450
449
445
445
443
443
441
437
437
435
433
431
428
430
427
426
424
425
421
420
418
415
412
411
411
411
409
407
405
404
404
404
403
403
401
400
399
400
400
397
400
397
397
396
394
393
394
392
393
392
393
394
393
393
393
394
395
399
399
401
397
399
399
401
401
403
404
403
407
407
410
411
412
415
415
414
419
418
420
426
425
428
429
430
433
431
434
353
433
433
431
434
432
434
440
443
447
452
463
470
478
487
497
504
511
520
526
531
538
545
552
560
566
574
579
588
593
603
610
615
623
632
643
652
661
668
680
690
697
709
719
733
744
762
771
786
802
813
830
840
856
874
892
911
926
951
983
1013
1059
1114
1183
1281
1445
1667
1791
1835
1858
1877
1892
1900
1909
1915
1918
1921
1925
1928
1929
1932
1929
1930
1933
1930
1929
1930
1928
1928
1927
1923
1923
1924
1925
1925
1926
1926
1925
1930
1931
1936
1937
1936
1934
1938
1936
1937
1936
1935
1930
1928
1922
1921
1912
1904
1892
1878
1864
1838
1801
1750
1600
1469
1351
1263
1204
1149
1111
1080
1057
1033
1007
987
971
947
926
910
896
886
875
859
847
834
820
812
799
791
780
768
759
747
734
728
717
710
698
692
682
677
671
661
657
650
645
637
632
627
621
616
609
606
599
596
588
585
581
574
572
567
565
560
556
553
550
548
544
542
539
535
531
532
527
523
521
522
520
518
515
512
510
509
510
506
506
506
504
502
501
501
499
499
499
495
495
497
497
494
497
495
495
495
494
496
496
494
495
494
497
496
499
497
499
500
503
504
505
506
505
507
509
511
517
518
518
519
522
525
525
525
528
530
527
524
524
523
520
515
502
497
488
483
469
456
440
410
399
380
367
348
336
318
310
301
294
289
281
275
273
270
270
273
273
282
281
293
290
298
301
305
301
303
317
321
328
312
332
337
343
363
380
433
430
462
475
487
496
504
512
520
523
533
535
540
540
540
547
550
552
551
555
557
558
561
563
565
567
569
566
569
567
568
567
568
568
567
566
567
565
565
569
568
570
564
564
564
562
562
560
560
553
558
558
557
562
569
568
569
571
572
572
574
575
577
576
578
577
579
580
579
578
579
578
577
576
573
573
569
566
565
563
558
555
551
552
550
548
550
552
548
553
552
550
548
542
541
538
535
530
522
519
515
511
510
503
499
492
487
488
482
479
479
473
472
471
467
465
467
465
462
463
462
459
456
454
454
456
451
449
448
447
443
445
442
439
436
435
434
434
431
429
431
428
428
425
422
420
419
417
417
416
413
412
409
409
407
407
406
405
404
403
402
400
402
402
399
401
402
400
398
399
398
399
396
397
396
398
398
398
394
396
398
404
404
404
405
405
405
405
408
407
408
409
408
414
412
415
417
415
419
422
425
426
429
428
430
434
435
435
439
438
441
441
440
439
443
441
441
441
446
450
455
457
465
472
479
486
497
505
512
517
525
533
539
546
555
561
566
576
580
590
598
604
610
620
623
632
639
647
659
667
676
685
698
706
721
731
745
757
773
786
800
812
830
842
856
870
888
906
926
948
977
1005
1042
1083
1141
1232
1330
1289
1754
1806
1834
1864
1881
1889
1900
1910
1912
1920
1918
1922
1926
1925
1929
1926
1928
1928
1928
1926
1927
1925
1927
1927
1792
1923
1926
1926
1924
1924
1923
1924
1925
1926
1933
1930
1936
1934
1935
1934
1931
1929
1928
1925
1921
1913
1910
1903
1888
1879
1859
1843
1817
1779
1710
1555
1407
1320
1243
1180
1127
1095
1065
1040
1018
998
972
954
928
912
894
883
867
857
846
833
820
806
796
785
776
762
752
743
732
723
712
706
696
686
679
670
664
656
652
645
640
633
628
622
616
612
606
600
596
591
587
583
578
573
569
566
562
558
553
550
547
545
541
540
536
536
531
528
525
525
524
520
517
515
511
511
508
508
506
506
504
502
501
501
498
497
498
496
496
494
494
493
493
493
491
493
492
491
490
492
493
493
489
492
494
494
496
497
495
498
500
499
500
503
500
504
508
508
507
509
513
514
517
518
521
521
523
523
524
526
521
521
518
517
509
500
494
490
483
469
456
439
419
402
385
373
359
344
329
319
309
303
301
293
291
281
284
280
279
285
290
295
303
305
293
298
313
319
309
307
330
333
346
358
345
361
376
397
429
450
463
482
489
500
510
514
521
528
534
539
542
539
546
551
554
555
557
559
565
563
565
568
569
569
569
571
572
571
571
572
572
569
570
567
569
570
568
569
571
567
566
564
564
562
561
560
562
561
558
561
560
556
569
573
569
571
572
573
575
573
574
578
577
578
578
578
580
577
578
580
578
579
576
578
574
571
571
566
565
559
557
555
551
552
555
554
554
556
556
548
554
550
545
542
542
537
534
529
525
520
511
511
504
497
497
492
485
482
479
477
476
475
471
470
468
466
467
465
464
462
462
459
459
457
458
454
450
451
447
445
444
441
438
440
436
437
435
434
432
431
428
428
425
427
423
420
419
416
418
416
414
416
413
412
411
407
409
409
405
406
406
405
406
405
405
404
403
402
402
402
401
402
400
402
389
402
403
404
405
401
402
403
404
403
402
403
402
404
407
410
408
408
408
370
415
417
418
417
422
422
426
427
425
429
431
435
436
437
441
438
434
433
430
430
432
436
437
442
445
452
462
470
476
486
493
500
505
512
523
529
538
544
552
558
563
570
577
584
592
598
605
611
617
629
635
644
654
423
660
669
679
687
700
711
722
736
748
765
778
794
808
825
840
855
871
889
907
928
956
983
1019
1065
1111
1179
1288
1409
1724
1804
1829
1861
1872
1886
1901
1904
1910
1915
1915
1921
1925
1925
1925
1928
1929
1925
1928
1925
1927
1925
1926
1924
1922
1923
1923
1920
1923
1923
1922
1925
1927
1928
1931
1932
1933
1934
1936
1930
1925
1919
1908
1905
1890
1876
1862
1846
1827
1812
1788
1757
1725
1676
1628
1581
1537
1501
1464
1431
1400
1372
1336
1311
1265
1232
1194
1146
1110
1082
1052
1031
1015
990
975
955
939
925
911
904
891
879
869
860
850
840
831
820
813
799
790
781
773
765
756
748
740
736
730
723
716
710
701
698
693
687
686
679
674
671
666
662
656
654
649
645
641
639
636
635
631
627
626
621
619
619
616
612
610
608
606
602
599
600
598
596
594
592
591
589
592
593
591
588
586
581
582
581
580
576
578
576
575
576
574
574
574
577
576
575
579
580
582
584
582
582
588
587
591
593
593
595
596
595
599
603
604
606
607
612
612
613
613
615
617
610
610
609
607
603
592
586
576
569
562
542
510
475
422
392
360
342
329
311
302
292
280
280
276
274
267
263
263
263
265
263
267
269
273
276
276
276
281
288
279
276
282
287
293
295
302
319
341
356
374
400
425
443
466
482
492
502
509
521
527
532
536
537
541
543
549
547
552
554
555
558
561
562
565
566
565
568
570
571
570
569
571
567
569
566
565
565
566
566
566
566
567
566
563
560
560
560
561
561
560
559
558
555
569
570
572
573
574
572
573
575
574
577
576
578
578
578
579
578
578
578
578
576
579
574
575
572
565
564
560
560
555
551
553
550
554
552
553
552
551
554
550
546
545
542
539
531
531
528
522
517
511
508
504
498
495
490
486
481
481
478
476
476
475
469
472
468
470
467
464
465
459
459
457
459
456
452
452
450
449
443
446
445
440
440
436
437
435
435
432
429
429
427
425
424
422
418
418
415
415
417
412
413
410
409
411
407
406
405
404
405
406
404
405
401
403
402
400
401
399
397
398
399
398
398
397
399
401
402
402
1139
1141
1138
1138
1141
1135
1136
1133
1136
1132
1132
1131
1129
1131
1133
1130
1139
1138
1138
1150
1155
1157
1159
1157
1156
1149
1140
1125
1085
1031
902
754
512
397
347
336
318
317
318
322
338
351
397
503
582
646
711
751
780
840
930
964
1003
1016
1273
1054
1029
1001
959
947
933
918
911
907
901
899
901
913
908
915
922
923
926
952
976
1009
1029
1052
1093
1147
1238
1336
1479
1636
1789
1832
1866
1888
1890
1903
1923
1921
1924
1935
1937
1941
1942
1944
1944
1944
1941
1941
1940
1939
1941
1941
1939
1936
1934
1936
1932
1933
1931
1928
1926
1928
1927
1924
1926
1925
1925
1924
1926
1920
1925
1922
1927
1927
1927
1930
1933
1933
1937
1935
1939
1938
1936
1927
1921
1905
1895
1870
1855
1831
1808
1791
1755
1736
1711
1689
1662
1634
1611
1581
1557
1532
1513
1491
1472
1455
1437
1421
1398
1370
1343
1304
1268
1224
1178
1141
1117
1088
1066
1042
1032
1018
1003
986
974
962
948
934
920
910
897
885
876
865
855
844
839
830
820
812
804
798
788
784
775
769
759
756
750
743
738
732
726
720
714
711
707
701
699
696
689
686
687
682
677
675
671
667
664
662
659
659
657
656
647
644
643
642
640
639
636
637
634
629
632
628
627
624
622
620
618
615
614
613
611
614
611
613
612
614
612
612
613
616
617
617
622
624
628
628
631
633
634
637
638
635
641
640
646
646
646
650
653
653
658
658
657
655
654
652
647
640
634
624
614
603
596
580
560
517
441
383
352
329
314
303
292
282
276
273
269
264
264
262
259
259
258
253
262
262
259
269
272
265
265
266
278
269
270
272
276
279
285
290
310
318
338
360
377
412
426
446
465
481
494
506
518
521
526
531
531
536
540
543
543
547
551
556
557
557
559
563
565
564
567
565
568
566
568
567
568
569
563
568
565
566
563
565
564
566
564
562
561
561
561
560
558
557
558
559
556
569
568
570
572
572
572
575
574
574
576
577
577
579
579
581
578
578
578
575
573
575
573
569
569
562
562
556
551
547
545
539
541
535
535
536
532
527
528
526
522
522
518
517
517
514
510
513
508
506
500
498
508
767
523
533
537
549
546
540
529
554
552
552
576
577
578
590
586
581
593
566
561
545
560
518
583
564
544
644
702
726
769
815
867
911
957
989
1020
1032
1058
1069
1083
1101
1108
1121
1132
1132
1131
1131
1132
1127
1123
1130
1127
1126
1126
1126
1130
1136
1139
1139
1139
1138
1138
1139
1139
1141
1131
1132
1135
1133
1133
1133
1137
1135
1139
1136
1230
1232
1232
1236
1236
1234
1231
1228
1227
1223
1223
1219
1215
1216
1215
1219
1221
1230
1234
1239
1242
1249
1249
1249
1251
1248
1243
1234
1219
1197
1156
584
353
317
298
290
274
277
271
271
279
292
310
363
553
1271
1376
1424
1463
1510
1563
1603
1637
1673
1705
1726
1745
1764
1776
1537
1802
1815
1830
1848
1869
1892
1924
1943
1970
1992
2011
2029
2044
2058
2077
2084
2093
2103
2111
2116
2120
2121
2119
2117
2110
2109
2098
2091
2081
2075
2069
2054
2048
2029
2023
2013
2008
1997
1990
1985
1976
1976
1972
1965
1958
1959
1951
1950
1944
1944
1939
1938
1934
1932
1928
1928
1926
1923
1921
1923
1919
1921
1924
1918
1922
1924
1925
1926
1929
1932
1934
1934
1937
1936
1939
1939
1933
1929
1919
1908
1894
1878
1858
1837
1820
1789
1766
1732
1712
1691
1670
1644
1619
1598
1570
1545
1525
1506
1483
1465
1450
1432
1409
1386
1355
1308
1273
1227
1187
1150
1124
1095
1071
1053
1038
1024
1011
997
986
968
955
943
932
917
907
895
884
873
863
846
846
838
830
822
815
805
799
790
786
776
770
764
758
751
748
740
732
729
727
719
717
712
707
703
699
696
690
688
688
684
680
675
673
672
669
666
665
662
658
655
653
652
650
647
645
645
643
639
638
637
634
635
630
628
631
625
623
624
624
622
626
627
626
626
628
623
624
627
628
630
633
637
639
640
643
644
647
648
647
647
649
652
656
659
661
663
664
665
670
670
669
668
668
662
660
655
648
638
620
611
605
585
562
519
436
367
337
320
308
295
288
279
273
272
267
264
262
255
255
255
255
256
256
258
266
260
265
276
269
269
267
269
271
270
275
277
286
305
317
317
347
360
387
409
434
454
448
486
496
509
519
525
534
534
534
538
542
544
546
548
552
554
559
557
564
562
565
565
569
568
568
567
568
568
567
566
565
566
567
569
567
571
567
566
563
563
560
561
559
560
558
559
557
557
557
567
568
572
572
574
576
574
577
576
576
580
578
579
577
579
579
578
577
575
575
570
571
567
565
562
557
554
551
547
543
540
541
536
532
535
527
533
524
529
524
525
520
517
517
522
520
514
514
517
258
512
507
521
522
527
545
547
552
533
516
536
541
540
563
573
573
573
575
546
553
532
469
448
414
398
410
378
391
470
520
597
715
804
870
936
993
1045
1088
1119
1151
1166
1183
1197
1202
1210
1214
1216
1215
1219
1217
1214
1213
1207
1210
1210
1206
1210
1209
1217
1229
1234
1228
1231
1230
1234
1233
1228
1229
1228
1226
1223
1224
1226
1226
1224
1229
1229
1202
1204
1206
1206
1208
1209
1205
1208
1208
1209
1205
1208
1208
1210
1213
1213
1213
1215
1219
1223
1226
1227
1229
1230
1227
1223
1217
1204
1196
1147
1050
390
339
301
283
275
260
261
263
269
271
281
310
342
574
1305
1401
1463
1500
1552
1603
1648
1678
1712
1748
1772
1787
1800
1811
1824
1832
1846
1859
1865
1883
1906
1920
1947
1966
1996
2012
2036
2055
2069
2080
2095
2105
2121
2127
2135
2141
2144
2146
2141
2137
2131
2124
2112
2105
2091
2085
2075
2063
2052
2042
2029
2025
2017
2011
2000
1993
1987
1982
1974
1969
1964
1958
1954
1952
1944
1940
1940
1937
1932
1932
1928
1925
1925
1921
1920
1921
1922
1923
1922
1920
1923
1927
1928
1930
1928
1933
1933
1939
1939
1941
1942
1941
1937
1931
1923
1911
1895
1885
1867
1846
1830
1814
1792
1772
1760
1725
1700
1670
1639
1592
1549
1521
1493
1471
1447
1422
1400
1373
1347
1304
1270
1236
1199
1159
1131
1104
1081
1057
1041
1024
1011
996
981
965
957
941
931
916
908
897
884
876
864
857
848
841
833
825
818
808
802
795
788
781
773
767
761
755
749
744
736
730
728
720
717
712
706
704
699
694
692
687
684
682
680
674
673
671
667
666
663
663
658
657
654
653
650
647
648
644
642
643
641
639
639
638
635
633
632
630
629
626
628
626
625
624
627
626
624
626
626
626
629
629
633
632
635
638
641
642
643
645
645
647
646
646
649
652
656
656
661
659
664
665
667
666
664
663
662
659
654
650
642
627
616
608
591
570
536
481
399
369
335
320
308
302
288
280
276
272
272
266
259
260
259
260
262
262
262
267
268
270
270
269
275
275
274
277
276
280
301
292
315
328
340
356
377
389
421
442
459
474
491
500
510
522
529
535
536
536
541
547
547
549
550
554
556
559
561
563
566
566
568
569
570
570
570
569
570
566
570
567
567
568
565
568
567
566
566
565
564
564
564
564
564
564
564
565
563
562
571
571
573
572
573
574
573
577
575
578
578
579
579
578
578
578
578
579
576
577
576
573
570
567
565
558
557
551
551
546
541
541
539
535
540
538
529
529
529
532
527
522
525
521
524
520
521
515
523
516
520
522
527
534
541
553
560
563
577
544
574
570
581
590
588
595
608
603
601
598
597
562
544
491
442
456
457
459
543
579
701
775
804
863
925
980
1030
1069
1115
1142
1168
1183
1189
1198
1204
1207
1211
1210
1210
1213
1207
1206
1202
1206
1201
1204
1198
1204
1203
1202
1204
1198
1201
1200
1198
1201
1196
1200
1198
1197
1201
1200
1200
1201
1201
1201
1203
1259
1259
1258
1261
1263
1262
1258
1258
1259
1256
1256
1252
1252
1244
1242
1247
1249
1251
1256
1258
1266
1278
1277
1285
1288
1291
1293
1288
1286
1275
1253
1234
1181
739
434
352
335
331
343
339
354
426
1004
1317
1380
1436
1491
1532
1570
1604
1647
1685
1715
1749
1775
1793
1807
1813
1835
1843
1850
1867
1881
1894
1915
1941
1971
1992
2015
2034
2048
2069
2087
2104
2116
2126
2137
2147
2154
2157
2159
2161
2159
2156
2151
2139
2130
2124
2112
2100
2089
2079
2065
2058
2044
2041
2029
2020
2014
2003
1996
1991
1983
1978
1976
1971
1964
1961
1949
1949
1949
1946
1941
1937
1933
1931
1930
1928
1925
1925
1925
1924
1922
1922
1925
1924
1922
1924
1924
1927
1927
1933
1933
1933
1934
1936
1934
1932
1927
1924
1924
1910
1901
1890
1876
1867
1851
1834
1812
1784
1740
1683
1614
1549
1487
1436
1387
1337
1270
1218
1165
1120
1089
1058
1030
1007
976
948
927
910
891
877
863
851
837
828
814
803
791
779
766
757
742
731
723
711
700
689
683
677
670
662
651
643
641
634
625
621
615
611
605
598
593
587
584
580
574
566
566
561
555
553
549
544
541
537
536
535
530
529
525
523
518
517
513
512
511
506
505
502
499
498
498
497
493
495
491
491
490
491
487
489
486
484
483
483
485
483
484
483
481
482
482
482
483
483
484
483
483
486
484
486
485
489
489
490
490
494
495
494
497
500
501
501
505
505
508
510
512
513
517
516
516
514
510
511
505
499
490
480
477
467
453
439
423
400
388
368
352
344
336
317
305
300
292
289
284
278
275
269
273
268
270
272
276
284
291
289
292
298
303
304
305
311
325
318
338
325
336
357
373
386
422
451
464
473
483
495
502
507
522
529
528
531
534
538
542
544
546
549
548
550
554
556
560
561
561
560
563
563
563
564
565
566
563
561
563
561
564
562
566
565
564
562
561
560
561
560
558
557
557
560
557
557
557
573
571
571
572
576
576
576
577
579
578
580
581
581
582
581
580
580
581
579
578
577
576
576
571
567
562
561
555
550
548
542
542
543
536
541
534
537
534
529
531
530
527
529
526
526
528
519
526
523
527
529
536
539
555
562
571
581
589
596
577
600
597
612
614
624
624
636
642
646
652
658
663
654
654
632
639
644
673
686
754
810
831
871
911
966
1007
1050
1096
1144
1164
1187
1201
1221
1226
1240
1246
1250
1250
1253
1256
1255
1254
1249
1249
1246
1244
1247
1247
1258
1268
1271
1272
1270
1269
1267
1266
1263
1256
1256
1253
1251
1248
1251
1253
1250
1253
1253
